Weekday_Sensible Weekday_Latent Weekday_Occupancy Weekend_Sensible Weekend_Latent Weekend_Occupancy
0.033275 0.046685 1.0 0.033275 0.046685 1.0
0.033068 0.046615 1.0 0.033068 0.046615 1.0
0.032866 0.046546 1.0 0.032866 0.046546 1.0
0.032669 0.046478 1.0 0.032669 0.046478 1.0
0.032476 0.046412 1.0 0.032476 0.046412 1.0
0.032288 0.046347 1.0 0.032288 0.046347 1.0
0.032106 0.046284 1.0 0.032106 0.046284 1.0
0.031928 0.046222 1.0 0.031928 0.046222 1.0
0.031755 0.046161 1.0 0.031755 0.046161 1.0
0.031586 0.046102 1.0 0.031586 0.046102 1.0
0.031423 0.046044 1.0 0.031423 0.046044 1.0
0.031265 0.045988 1.0 0.031265 0.045988 1.0
0.031111 0.045933 1.0 0.031111 0.045933 1.0
0.030962 0.04588 1.0 0.030962 0.04588 1.0
0.030818 0.045828 1.0 0.030818 0.045828 1.0
0.030679 0.045777 1.0 0.030679 0.045777 1.0
0.030545 0.045728 1.0 0.030545 0.045728 1.0
0.030416 0.04568 1.0 0.030416 0.04568 1.0
0.030292 0.045634 1.0 0.030292 0.045634 1.0
0.030172 0.045589 1.0 0.030172 0.045589 1.0
0.030058 0.045546 1.0 0.030058 0.045546 1.0
0.029948 0.045504 1.0 0.029948 0.045504 1.0
0.029843 0.045463 1.0 0.029843 0.045463 1.0
0.029743 0.045424 1.0 0.029743 0.045424 1.0
0.029648 0.045386 1.0 0.029648 0.045386 1.0
0.029557 0.04535 1.0 0.029557 0.04535 1.0
0.029472 0.045315 1.0 0.029472 0.045315 1.0
0.029391 0.045281 1.0 0.029391 0.045281 1.0
0.029316 0.045249 1.0 0.029316 0.045249 1.0
0.029245 0.045219 1.0 0.029245 0.045219 1.0
0.029179 0.045189 1.0 0.029179 0.045189 1.0
0.029118 0.045162 1.0 0.029118 0.045162 1.0
0.029062 0.045135 1.0 0.029062 0.045135 1.0
0.02901 0.04511 1.0 0.02901 0.04511 1.0
0.028964 0.045087 1.0 0.028964 0.045087 1.0
0.028922 0.045065 1.0 0.028922 0.045065 1.0
0.028886 0.045044 1.0 0.028886 0.045044 1.0
0.028854 0.045025 1.0 0.028854 0.045025 1.0
0.028827 0.045007 1.0 0.028827 0.045007 1.0
0.028805 0.044991 1.0 0.028805 0.044991 1.0
0.028787 0.044976 1.0 0.028787 0.044976 1.0
0.028775 0.044962 1.0 0.028775 0.044962 1.0
0.028768 0.04495 1.0 0.028768 0.04495 1.0
0.028765 0.044939 1.0 0.028765 0.044939 1.0
0.028767 0.04493 1.0 0.028767 0.04493 1.0
0.028774 0.044922 1.0 0.028774 0.044922 1.0
0.028786 0.044916 1.0 0.028786 0.044916 1.0
0.028803 0.044911 1.0 0.028803 0.044911 1.0
0.028825 0.044907 1.0 0.028825 0.044907 1.0
0.028851 0.044905 1.0 0.028851 0.044905 1.0
0.029341 0.045023 1.0 0.029341 0.045023 1.0
0.029307 0.045004 1.0 0.029307 0.045004 1.0
0.029274 0.044985 1.0 0.029274 0.044985 1.0
0.029242 0.044967 1.0 0.029242 0.044967 1.0
0.02921 0.044948 1.0 0.02921 0.044948 1.0
0.029179 0.044929 1.0 0.029179 0.044929 1.0
0.029148 0.044911 1.0 0.029148 0.044911 1.0
0.029118 0.044893 1.0 0.029118 0.044893 1.0
0.029088 0.044874 1.0 0.029088 0.044874 1.0
0.029059 0.044856 1.0 0.029059 0.044856 1.0
0.02903 0.044838 1.0 0.02903 0.044838 1.0
0.029002 0.04482 1.0 0.029002 0.04482 1.0
0.028975 0.044802 1.0 0.028975 0.044802 1.0
0.028948 0.044784 1.0 0.028948 0.044784 1.0
0.028921 0.044767 1.0 0.028921 0.044767 1.0
0.028895 0.044749 1.0 0.028895 0.044749 1.0
0.028869 0.044731 1.0 0.028869 0.044731 1.0
0.028844 0.044714 1.0 0.028844 0.044714 1.0
0.02882 0.044697 1.0 0.02882 0.044697 1.0
0.028796 0.044679 1.0 0.028796 0.044679 1.0
0.028772 0.044662 1.0 0.028772 0.044662 1.0
0.028749 0.044645 1.0 0.028749 0.044645 1.0
0.028727 0.044628 1.0 0.028727 0.044628 1.0
0.028705 0.044611 1.0 0.028705 0.044611 1.0
0.028683 0.044595 1.0 0.028683 0.044595 1.0
0.028662 0.044578 1.0 0.028662 0.044578 1.0
0.028642 0.044561 1.0 0.028642 0.044561 1.0
0.028622 0.044545 1.0 0.028622 0.044545 1.0
0.028603 0.044529 1.0 0.028603 0.044529 1.0
0.028584 0.044512 1.0 0.028584 0.044512 1.0
0.028566 0.044496 1.0 0.028566 0.044496 1.0
0.028548 0.04448 1.0 0.028548 0.04448 1.0
0.02853 0.044464 1.0 0.02853 0.044464 1.0
0.028514 0.044448 1.0 0.028514 0.044448 1.0
0.028497 0.044432 1.0 0.028497 0.044432 1.0
0.028482 0.044417 1.0 0.028482 0.044417 1.0
0.028467 0.044401 1.0 0.028467 0.044401 1.0
0.028452 0.044385 1.0 0.028452 0.044385 1.0
0.028438 0.04437 1.0 0.028438 0.04437 1.0
0.028424 0.044355 1.0 0.028424 0.044355 1.0
0.028411 0.044339 1.0 0.028411 0.044339 1.0
0.028398 0.044324 1.0 0.028398 0.044324 1.0
0.028386 0.044309 1.0 0.028386 0.044309 1.0
0.028374 0.044294 1.0 0.028374 0.044294 1.0
0.028363 0.044279 1.0 0.028363 0.044279 1.0
0.028353 0.044265 1.0 0.028353 0.044265 1.0
0.028343 0.04425 1.0 0.028343 0.04425 1.0
0.028333 0.044235 1.0 0.028333 0.044235 1.0
0.028324 0.044221 1.0 0.028324 0.044221 1.0
0.028316 0.044207 1.0 0.028316 0.044207 1.0
0.028308 0.044133 1.0 0.028308 0.044133 1.0
0.028287 0.044109 1.0 0.028287 0.044109 1.0
0.028268 0.044087 1.0 0.028268 0.044087 1.0
0.028248 0.044065 1.0 0.028248 0.044065 1.0
0.028229 0.044043 1.0 0.028229 0.044043 1.0
0.028211 0.044022 1.0 0.028211 0.044022 1.0
0.028193 0.044002 1.0 0.028193 0.044002 1.0
0.028176 0.043983 1.0 0.028176 0.043983 1.0
0.028159 0.043964 1.0 0.028159 0.043964 1.0
0.028143 0.043946 1.0 0.028143 0.043946 1.0
0.028127 0.043929 1.0 0.028127 0.043929 1.0
0.028112 0.043912 1.0 0.028112 0.043912 1.0
0.028097 0.043896 1.0 0.028097 0.043896 1.0
0.028083 0.04388 1.0 0.028083 0.04388 1.0
0.028069 0.043866 1.0 0.028069 0.043866 1.0
0.028056 0.043852 1.0 0.028056 0.043852 1.0
0.028044 0.043838 1.0 0.028044 0.043838 1.0
0.028031 0.043825 1.0 0.028031 0.043825 1.0
0.02802 0.043813 1.0 0.02802 0.043813 1.0
0.028009 0.043802 1.0 0.028009 0.043802 1.0
0.027998 0.043791 1.0 0.027998 0.043791 1.0
0.027988 0.043781 1.0 0.027988 0.043781 1.0
0.027979 0.043771 1.0 0.027979 0.043771 1.0
0.02797 0.043763 1.0 0.02797 0.043763 1.0
0.027961 0.043754 1.0 0.027961 0.043754 1.0
0.027953 0.043747 1.0 0.027953 0.043747 1.0
0.027946 0.04374 1.0 0.027946 0.04374 1.0
0.027939 0.043734 1.0 0.027939 0.043734 1.0
0.027932 0.043729 1.0 0.027932 0.043729 1.0
0.027927 0.043724 1.0 0.027927 0.043724 1.0
0.027921 0.04372 1.0 0.027921 0.04372 1.0
0.027916 0.043716 1.0 0.027916 0.043716 1.0
0.027912 0.043713 1.0 0.027912 0.043713 1.0
0.027908 0.043711 1.0 0.027908 0.043711 1.0
0.027905 0.04371 1.0 0.027905 0.04371 1.0
0.027902 0.043709 1.0 0.027902 0.043709 1.0
0.0279 0.043709 1.0 0.0279 0.043709 1.0
0.027898 0.043709 1.0 0.027898 0.043709 1.0
0.027897 0.043711 1.0 0.027897 0.043711 1.0
0.027896 0.043712 1.0 0.027896 0.043712 1.0
0.027896 0.043715 1.0 0.027896 0.043715 1.0
0.027896 0.043718 1.0 0.027896 0.043718 1.0
0.027897 0.043722 1.0 0.027897 0.043722 1.0
0.027898 0.043727 1.0 0.027898 0.043727 1.0
0.0279 0.043732 1.0 0.0279 0.043732 1.0
0.027903 0.043738 1.0 0.027903 0.043738 1.0
0.027905 0.043744 1.0 0.027905 0.043744 1.0
0.027909 0.043751 1.0 0.027909 0.043751 1.0
0.027913 0.043759 1.0 0.027913 0.043759 1.0
0.027917 0.043768 1.0 0.027917 0.043768 1.0
0.02763 0.043821 1.0 0.02763 0.043821 1.0
0.027589 0.043812 1.0 0.027589 0.043812 1.0
0.027551 0.043804 1.0 0.027551 0.043804 1.0
0.027517 0.043796 1.0 0.027517 0.043796 1.0
0.027486 0.04379 1.0 0.027486 0.04379 1.0
0.027458 0.043784 1.0 0.027458 0.043784 1.0
0.027433 0.043779 1.0 0.027433 0.043779 1.0
0.027412 0.043775 1.0 0.027412 0.043775 1.0
0.027395 0.043771 1.0 0.027395 0.043771 1.0
0.02738 0.043768 1.0 0.02738 0.043768 1.0
0.027369 0.043767 1.0 0.027369 0.043767 1.0
0.027361 0.043766 1.0 0.027361 0.043766 1.0
0.027357 0.043765 1.0 0.027357 0.043765 1.0
0.027356 0.043766 1.0 0.027356 0.043766 1.0
0.027358 0.043767 1.0 0.027358 0.043767 1.0
0.027364 0.04377 1.0 0.027364 0.04377 1.0
0.027372 0.043773 1.0 0.027372 0.043773 1.0
0.027385 0.043776 1.0 0.027385 0.043776 1.0
0.0274 0.043781 1.0 0.0274 0.043781 1.0
0.027419 0.043786 1.0 0.027419 0.043786 1.0
0.027441 0.043793 1.0 0.027441 0.043793 1.0
0.027467 0.0438 1.0 0.027467 0.0438 1.0
0.027496 0.043808 1.0 0.027496 0.043808 1.0
0.027528 0.043816 1.0 0.027528 0.043816 1.0
0.027563 0.043826 1.0 0.027563 0.043826 1.0
0.027602 0.043836 1.0 0.027602 0.043836 1.0
0.027644 0.043847 1.0 0.027644 0.043847 1.0
0.02769 0.043859 1.0 0.02769 0.043859 1.0
0.027739 0.043872 1.0 0.027739 0.043872 1.0
0.027791 0.043885 1.0 0.027791 0.043885 1.0
0.027846 0.0439 1.0 0.027846 0.0439 1.0
0.027905 0.043915 1.0 0.027905 0.043915 1.0
0.027967 0.043931 1.0 0.027967 0.043931 1.0
0.028032 0.043947 1.0 0.028032 0.043947 1.0
0.028101 0.043965 1.0 0.028101 0.043965 1.0
0.028173 0.043983 1.0 0.028173 0.043983 1.0
0.028249 0.044002 1.0 0.028249 0.044002 1.0
0.028327 0.044022 1.0 0.028327 0.044022 1.0
0.02841 0.044043 1.0 0.02841 0.044043 1.0
0.028495 0.044065 1.0 0.028495 0.044065 1.0
0.028584 0.044087 1.0 0.028584 0.044087 1.0
0.028676 0.04411 1.0 0.028676 0.04411 1.0
0.028771 0.044134 1.0 0.028771 0.044134 1.0
0.02887 0.044159 1.0 0.02887 0.044159 1.0
0.028972 0.044185 1.0 0.028972 0.044185 1.0
0.029077 0.044211 1.0 0.029077 0.044211 1.0
0.029186 0.044238 1.0 0.029186 0.044238 1.0
0.029298 0.044266 1.0 0.029298 0.044266 1.0
0.029413 0.044295 1.0 0.029413 0.044295 1.0
0.029532 0.044325 1.0 0.029532 0.044325 1.0
0.029454 0.044192 1.0 0.029447 0.044192 1.0
0.029473 0.044183 1.0 0.029466 0.044183 1.0
0.029498 0.044176 1.0 0.029489 0.044176 1.0
0.029527 0.044172 1.0 0.029518 0.044172 1.0
0.029562 0.04417 1.0 0.029553 0.04417 1.0
0.029602 0.044171 1.0 0.029592 0.044171 1.0
0.029648 0.044174 1.0 0.029637 0.044174 1.0
0.029698 0.04418 1.0 0.029687 0.04418 1.0
0.029754 0.044189 1.0 0.029743 0.044189 1.0
0.029815 0.0442 1.0 0.029804 0.0442 1.0
0.029882 0.044214 1.0 0.02987 0.044214 1.0
0.029953 0.04423 1.0 0.029941 0.04423 1.0
0.03003 0.044249 1.0 0.030018 0.044249 1.0
0.030112 0.04427 1.0 0.0301 0.04427 1.0
0.030199 0.044294 1.0 0.030187 0.044294 1.0
0.030292 0.04432 1.0 0.03028 0.04432 1.0
0.03039 0.044349 1.0 0.030378 0.044349 1.0
0.030493 0.044381 1.0 0.030481 0.044381 1.0
0.030601 0.044415 1.0 0.03059 0.044415 1.0
0.030715 0.044452 1.0 0.030704 0.044452 1.0
0.030833 0.044491 1.0 0.030823 0.044491 1.0
0.030957 0.044533 1.0 0.030948 0.044533 1.0
0.031087 0.044578 1.0 0.031078 0.044578 1.0
0.031221 0.044625 1.0 0.031213 0.044625 1.0
0.031361 0.044674 1.0 0.031353 0.044674 1.0
0.031506 0.044726 1.0 0.031499 0.044726 1.0
0.031656 0.044781 1.0 0.03165 0.044781 1.0
0.031812 0.044838 1.0 0.031807 0.044838 1.0
0.031972 0.044898 1.0 0.031968 0.044898 1.0
0.032138 0.044961 1.0 0.032135 0.044961 1.0
0.03231 0.045026 1.0 0.032308 0.045026 1.0
0.032486 0.045093 1.0 0.032485 0.045093 1.0
0.032668 0.045163 1.0 0.032668 0.045163 1.0
0.032855 0.045236 1.0 0.032856 0.045236 1.0
0.033047 0.045311 1.0 0.03305 0.045311 1.0
0.033244 0.045389 1.0 0.033249 0.045389 1.0
0.033447 0.045469 1.0 0.033453 0.045469 1.0
0.033655 0.045552 1.0 0.033663 0.045552 1.0
0.033868 0.045638 1.0 0.033877 0.045638 1.0
0.034086 0.045726 1.0 0.034098 0.045726 1.0
0.03431 0.045816 1.0 0.034323 0.045816 1.0
0.034539 0.045909 1.0 0.034554 0.045909 1.0
0.034773 0.046005 1.0 0.03479 0.046005 1.0
0.035012 0.046103 1.0 0.035031 0.046103 1.0
0.035257 0.046204 1.0 0.035278 0.046204 1.0
0.035507 0.046308 1.0 0.03553 0.046308 1.0
0.035762 0.046414 1.0 0.035787 0.046414 1.0
0.036022 0.046522 1.0 0.03605 0.046522 1.0
0.036288 0.046633 1.0 0.036318 0.046633 1.0
0.036559 0.046747 1.0 0.036591 0.046747 1.0
0.037551 0.046715 1.0 0.037623 0.046715 1.0
0.037784 0.046759 1.0 0.037861 0.046759 1.0
0.038015 0.046807 1.0 0.038097 0.046807 1.0
0.038244 0.046859 1.0 0.038331 0.046859 1.0
0.038472 0.046913 1.0 0.038563 0.046913 1.0
0.038698 0.046971 1.0 0.038793 0.046971 1.0
0.038923 0.047033 1.0 0.039021 0.047033 1.0
0.039146 0.047098 1.0 0.039247 0.047098 1.0
0.039367 0.047166 1.0 0.039472 0.047166 1.0
0.039587 0.047238 1.0 0.039694 0.047238 1.0
0.039805 0.047313 1.0 0.039915 0.047313 1.0
0.040021 0.047392 1.0 0.040133 0.047392 1.0
0.040236 0.047474 1.0 0.04035 0.047474 1.0
0.040449 0.047559 1.0 0.040564 0.047559 1.0
0.040661 0.047648 1.0 0.040777 0.047648 1.0
0.040871 0.047741 1.0 0.040988 0.047741 1.0
0.041079 0.047836 1.0 0.041197 0.047836 1.0
0.041286 0.047936 1.0 0.041404 0.047936 1.0
0.041491 0.048038 1.0 0.041609 0.048038 1.0
0.041694 0.048144 1.0 0.041812 0.048144 1.0
0.041896 0.048254 1.0 0.042013 0.048254 1.0
0.042096 0.048366 1.0 0.042212 0.048366 1.0
0.042294 0.048483 1.0 0.04241 0.048483 1.0
0.042491 0.048602 1.0 0.042605 0.048602 1.0
0.042686 0.048725 1.0 0.042799 0.048725 1.0
0.04288 0.048852 1.0 0.04299 0.048852 1.0
0.043072 0.048982 1.0 0.04318 0.048982 1.0
0.043262 0.049115 1.0 0.043367 0.049115 1.0
0.043451 0.049252 1.0 0.043553 0.049252 1.0
0.043638 0.049392 1.0 0.043737 0.049392 1.0
0.043824 0.049536 1.0 0.043919 0.049536 1.0
0.044007 0.049683 1.0 0.044099 0.049683 1.0
0.04419 0.049833 1.0 0.044277 0.049833 1.0
0.04437 0.049987 1.0 0.044453 0.049987 1.0
0.044549 0.050144 1.0 0.044627 0.050144 1.0
0.044726 0.050305 1.0 0.0448 0.050305 1.0
0.044902 0.050469 1.0 0.04497 0.050469 1.0
0.045076 0.050637 1.0 0.045138 0.050637 1.0
0.045248 0.050808 1.0 0.045305 0.050808 1.0
0.045419 0.050982 1.0 0.045469 0.050982 1.0
0.045588 0.05116 1.0 0.045632 0.05116 1.0
0.045756 0.051341 1.0 0.045793 0.051341 1.0
0.045922 0.051526 1.0 0.045951 0.051526 1.0
0.046086 0.051714 1.0 0.046108 0.051714 1.0
0.046249 0.051905 1.0 0.046263 0.051905 1.0
0.04641 0.0521 1.0 0.046416 0.0521 1.0
0.046569 0.052298 1.0 0.046567 0.052298 1.0
0.046727 0.0525 1.0 0.046716 0.0525 1.0
0.046883 0.052705 1.0 0.046864 0.052705 1.0
0.047037 0.052914 1.0 0.047009 0.052914 1.0
0.047834 0.05458 1.0 0.047545 0.054001 1.0
0.048099 0.054868 1.0 0.047778 0.054225 1.0
0.048356 0.055147 1.0 0.048007 0.054443 1.0
0.048605 0.055416 1.0 0.048229 0.054658 1.0
0.048847 0.055675 1.0 0.048446 0.054868 1.0
0.049081 0.055924 1.0 0.048657 0.055074 1.0
0.049308 0.056163 1.0 0.048863 0.055275 1.0
0.049526 0.056393 1.0 0.049063 0.055472 1.0
0.049737 0.056613 1.0 0.049258 0.055664 1.0
0.04994 0.056823 1.0 0.049447 0.055852 1.0
0.050136 0.057023 1.0 0.04963 0.056036 1.0
0.050323 0.057214 1.0 0.049808 0.056215 1.0
0.050503 0.057394 1.0 0.04998 0.05639 1.0
0.050676 0.057565 1.0 0.050146 0.05656 1.0
0.05084 0.057726 1.0 0.050307 0.056726 1.0
0.050997 0.057878 1.0 0.050462 0.056888 1.0
0.051146 0.058019 1.0 0.050612 0.057045 1.0
0.051287 0.058151 1.0 0.050756 0.057198 1.0
0.051421 0.058273 1.0 0.050894 0.057346 1.0
0.051547 0.058386 1.0 0.051027 0.05749 1.0
0.051665 0.058488 1.0 0.051155 0.057629 1.0
0.051776 0.058581 1.0 0.051276 0.057764 1.0
0.051878 0.058664 1.0 0.051392 0.057895 1.0
0.051973 0.058737 1.0 0.051503 0.058021 1.0
0.052061 0.0588 1.0 0.051607 0.058143 1.0
0.05214 0.058854 1.0 0.051707 0.05826 1.0
0.052212 0.058897 1.0 0.0518 0.058373 1.0
0.052276 0.058931 1.0 0.051888 0.058482 1.0
0.052333 0.058956 1.0 0.051971 0.058586 1.0
0.052382 0.05897 1.0 0.052047 0.058685 1.0
0.052423 0.058975 1.0 0.052118 0.058781 1.0
0.052456 0.05897 1.0 0.052184 0.058872 1.0
0.052481 0.058955 1.0 0.052244 0.058958 1.0
0.052499 0.05893 1.0 0.052298 0.05904 1.0
0.052509 0.058896 1.0 0.052347 0.059118 1.0
0.052512 0.058851 1.0 0.05239 0.059191 1.0
0.052506 0.058797 1.0 0.052428 0.05926 1.0
0.052493 0.058733 1.0 0.05246 0.059324 1.0
0.052472 0.05866 1.0 0.052486 0.059384 1.0
0.052444 0.058576 1.0 0.052507 0.05944 1.0
0.052408 0.058483 1.0 0.052522 0.059491 1.0
0.052364 0.05838 1.0 0.052531 0.059537 1.0
0.052312 0.058268 1.0 0.052535 0.05958 1.0
0.052253 0.058145 1.0 0.052533 0.059617 1.0
0.052185 0.058013 1.0 0.052526 0.059651 1.0
0.052111 0.057871 1.0 0.052513 0.05968 1.0
0.052028 0.057719 1.0 0.052494 0.059705 1.0
0.051938 0.057557 1.0 0.05247 0.059725 1.0
0.05184 0.057386 1.0 0.05244 0.059741 1.0
0.051734 0.057205 1.0 0.052405 0.059752 1.0
0.052102 0.057533 0.83 0.052946 0.060768 1.0
0.05223 0.057643 0.83 0.053107 0.060997 1.0
0.052345 0.057737 0.83 0.053256 0.061212 1.0
0.052448 0.057817 0.83 0.053395 0.061413 1.0
0.052538 0.05788 0.83 0.053522 0.0616 1.0
0.052616 0.057929 0.83 0.053638 0.061773 1.0
0.052682 0.057962 0.83 0.053743 0.061932 1.0
0.052735 0.05798 0.83 0.053836 0.062076 1.0
0.052776 0.057982 0.83 0.053918 0.062207 1.0
0.052804 0.05797 0.83 0.05399 0.062323 1.0
0.052821 0.057941 0.83 0.05405 0.062425 1.0
0.052825 0.057898 0.83 0.054099 0.062513 1.0
0.052816 0.057839 0.83 0.054136 0.062588 1.0
0.052795 0.057765 0.83 0.054163 0.062647 1.0
0.052762 0.057675 0.83 0.054178 0.062693 1.0
0.052717 0.05757 0.83 0.054182 0.062725 1.0
0.052659 0.05745 0.83 0.054175 0.062743 1.0
0.052589 0.057315 0.83 0.054156 0.062746 1.0
0.052506 0.057164 0.83 0.054127 0.062736 1.0
0.052411 0.056998 0.83 0.054086 0.062711 1.0
0.052304 0.056816 0.83 0.054034 0.062672 1.0
0.052185 0.056619 0.83 0.053971 0.062619 1.0
0.052053 0.056407 0.83 0.053897 0.062552 1.0
0.051908 0.056179 0.83 0.053811 0.062471 1.0
0.051752 0.055936 0.83 0.053715 0.062376 1.0
0.051583 0.055678 0.83 0.053607 0.062267 1.0
0.051401 0.055404 0.83 0.053488 0.062143 1.0
0.051208 0.055116 0.83 0.053358 0.062006 1.0
0.051002 0.054811 0.83 0.053216 0.061854 1.0
0.050783 0.054492 0.83 0.053063 0.061689 1.0
0.050553 0.054157 0.83 0.0529 0.061509 1.0
0.050309 0.053806 0.83 0.052725 0.061315 1.0
0.050054 0.053441 0.83 0.052538 0.061107 1.0
0.049786 0.05306 0.83 0.052341 0.060885 1.0
0.049506 0.052664 0.83 0.052132 0.060649 1.0
0.049214 0.052252 0.83 0.051913 0.060398 1.0
0.048909 0.051825 0.83 0.051682 0.060134 1.0
0.048592 0.051383 0.83 0.051439 0.059855 1.0
0.048262 0.050925 0.83 0.051186 0.059563 1.0
0.04792 0.050452 0.83 0.050922 0.059256 1.0
0.047566 0.049964 0.83 0.050646 0.058935 1.0
0.0472 0.04946 0.83 0.050359 0.0586 1.0
0.046821 0.048941 0.83 0.050061 0.058251 1.0
0.046429 0.048407 0.83 0.049751 0.057888 1.0
0.046026 0.047857 0.83 0.049431 0.057511 1.0
0.04561 0.047292 0.83 0.049099 0.057119 1.0
0.045181 0.046712 0.83 0.048756 0.056714 1.0
0.044741 0.046116 0.83 0.048402 0.056294 1.0
0.044288 0.045505 0.83 0.048037 0.055861 1.0
0.043822 0.044878 0.83 0.04766 0.055413 1.0
0.041193 0.041491 0.29 0.045558 0.053037 0.67
0.040763 0.040893 0.29 0.045241 0.052684 0.67
0.04034 0.040306 0.29 0.044928 0.052337 0.67
0.039927 0.039732 0.29 0.044621 0.051994 0.67
0.039521 0.039169 0.29 0.04432 0.051657 0.67
0.039124 0.038617 0.29 0.044024 0.051325 0.67
0.038736 0.038078 0.29 0.043733 0.050997 0.67
0.038356 0.03755 0.29 0.043447 0.050675 0.67
0.037984 0.037034 0.29 0.043167 0.050358 0.67
0.037621 0.03653 0.29 0.042892 0.050046 0.67
0.037266 0.036038 0.29 0.042623 0.049739 0.67
0.03692 0.035557 0.29 0.042359 0.049437 0.67
0.036582 0.035088 0.29 0.0421 0.049139 0.67
0.036253 0.034631 0.29 0.041847 0.048847 0.67
0.035932 0.034186 0.29 0.041599 0.04856 0.67
0.03562 0.033752 0.29 0.041356 0.048278 0.67
0.035316 0.033331 0.29 0.041119 0.048001 0.67
0.03502 0.032921 0.29 0.040887 0.04773 0.67
0.034733 0.032522 0.29 0.04066 0.047463 0.67
0.034454 0.032136 0.29 0.040439 0.047201 0.67
0.034184 0.031761 0.29 0.040223 0.046944 0.67
0.033922 0.031399 0.29 0.040013 0.046692 0.67
0.033668 0.031048 0.29 0.039807 0.046446 0.67
0.033423 0.030708 0.29 0.039608 0.046204 0.67
0.033187 0.030381 0.29 0.039413 0.045967 0.67
0.032959 0.030065 0.29 0.039224 0.045736 0.67
0.032739 0.029761 0.29 0.03904 0.045509 0.67
0.032528 0.029469 0.29 0.038862 0.045287 0.67
0.032325 0.029188 0.29 0.038689 0.045071 0.67
0.032131 0.02892 0.29 0.038521 0.044859 0.67
0.031945 0.028663 0.29 0.038359 0.044653 0.67
0.031767 0.028418 0.29 0.038202 0.044451 0.67
0.031598 0.028185 0.29 0.03805 0.044255 0.67
0.031437 0.027963 0.29 0.037904 0.044064 0.67
0.031285 0.027753 0.29 0.037763 0.043877 0.67
0.031142 0.027555 0.29 0.037627 0.043696 0.67
0.031006 0.027369 0.29 0.037497 0.04352 0.67
0.030879 0.027195 0.29 0.037372 0.043348 0.67
0.030761 0.027032 0.29 0.037253 0.043182 0.67
0.030651 0.026881 0.29 0.037138 0.043021 0.67
0.030549 0.026742 0.29 0.03703 0.042865 0.67
0.030456 0.026615 0.29 0.036926 0.042714 0.67
0.030372 0.026499 0.29 0.036828 0.042568 0.67
0.030295 0.026395 0.29 0.036735 0.042427 0.67
0.030228 0.026303 0.29 0.036648 0.042291 0.67
0.030168 0.026223 0.29 0.036566 0.04216 0.67
0.030117 0.026155 0.29 0.036489 0.042034 0.67
0.030075 0.026098 0.29 0.036418 0.041913 0.67
0.030041 0.026053 0.29 0.036352 0.041797 0.67
0.030015 0.02602 0.29 0.036291 0.041686 0.67
0.030459 0.026682 0.125 0.036367 0.041506 0.5
0.030294 0.026458 0.125 0.0362 0.041277 0.5
0.030132 0.02624 0.125 0.036036 0.041054 0.5
0.029975 0.026028 0.125 0.035877 0.040835 0.5
0.029821 0.02582 0.125 0.035722 0.040622 0.5
0.029671 0.025617 0.125 0.035571 0.040413 0.5
0.029525 0.025419 0.125 0.035424 0.04021 0.5
0.029383 0.025226 0.125 0.03528 0.040013 0.5
0.029245 0.025038 0.125 0.035141 0.03982 0.5
0.029111 0.024855 0.125 0.035005 0.039632 0.5
0.028981 0.024678 0.125 0.034874 0.03945 0.5
0.028855 0.024505 0.125 0.034747 0.039273 0.5
0.028732 0.024337 0.125 0.034623 0.039101 0.5
0.028614 0.024175 0.125 0.034504 0.038934 0.5
0.0285 0.024017 0.125 0.034388 0.038773 0.5
0.028389 0.023864 0.125 0.034276 0.038616 0.5
0.028282 0.023717 0.125 0.034169 0.038465 0.5
0.02818 0.023574 0.125 0.034065 0.038319 0.5
0.028081 0.023437 0.125 0.033965 0.038178 0.5
0.027986 0.023304 0.125 0.03387 0.038042 0.5
0.027895 0.023177 0.125 0.033778 0.037912 0.5
0.027808 0.023055 0.125 0.03369 0.037786 0.5
0.027725 0.022937 0.125 0.033606 0.037666 0.5
0.027645 0.022825 0.125 0.033526 0.037551 0.5
0.02757 0.022718 0.125 0.033451 0.037441 0.5
0.027499 0.022615 0.125 0.033379 0.037336 0.5
0.027431 0.022518 0.125 0.033311 0.037237 0.5
0.027368 0.022426 0.125 0.033247 0.037143 0.5
0.027308 0.022339 0.125 0.033187 0.037053 0.5
0.027253 0.022257 0.125 0.033131 0.036969 0.5
0.027201 0.02218 0.125 0.033078 0.036891 0.5
0.027153 0.022108 0.125 0.03303 0.036817 0.5
0.027109 0.022041 0.125 0.032986 0.036748 0.5
0.027069 0.021979 0.125 0.032946 0.036685 0.5
0.027033 0.021922 0.125 0.03291 0.036627 0.5
0.027001 0.02187 0.125 0.032877 0.036574 0.5
0.026973 0.021823 0.125 0.032849 0.036526 0.5
0.026948 0.021781 0.125 0.032825 0.036484 0.5
0.026928 0.021744 0.125 0.032804 0.036446 0.5
0.026912 0.021713 0.125 0.032788 0.036414 0.5
0.026899 0.021686 0.125 0.032776 0.036387 0.5
0.02689 0.021664 0.125 0.032767 0.036365 0.5
0.026886 0.021648 0.125 0.032763 0.036349 0.5
0.026885 0.021636 0.125 0.032762 0.036337 0.5
0.026888 0.021629 0.125 0.032765 0.036331 0.5
0.026895 0.021628 0.125 0.032773 0.03633 0.5
0.026906 0.021631 0.125 0.032784 0.036334 0.5
0.026921 0.02164 0.125 0.032799 0.036343 0.5
0.02694 0.021653 0.125 0.032819 0.036357 0.5
0.026963 0.021672 0.125 0.032842 0.036377 0.5
0.027365 0.022066 0.125 0.033258 0.036847 0.5
0.02734 0.022014 0.125 0.033234 0.036794 0.5
0.027316 0.021962 0.125 0.03321 0.036742 0.5
0.027292 0.021912 0.125 0.033186 0.036692 0.5
0.027269 0.021863 0.125 0.033163 0.036643 0.5
0.027246 0.021815 0.125 0.03314 0.036596 0.5
0.027223 0.021769 0.125 0.033117 0.036549 0.5
0.027201 0.021724 0.125 0.033094 0.036504 0.5
0.027179 0.02168 0.125 0.033072 0.03646 0.5
0.027157 0.021638 0.125 0.03305 0.036418 0.5
0.027135 0.021596 0.125 0.033029 0.036377 0.5
0.027114 0.021556 0.125 0.033008 0.036337 0.5
0.027093 0.021518 0.125 0.032987 0.036298 0.5
0.027073 0.02148 0.125 0.032967 0.03626 0.5
0.027053 0.021444 0.125 0.032946 0.036224 0.5
0.027033 0.021409 0.125 0.032926 0.03619 0.5
0.027013 0.021376 0.125 0.032907 0.036156 0.5
0.026994 0.021344 0.125 0.032888 0.036124 0.5
0.026975 0.021313 0.125 0.032869 0.036093 0.5
0.026957 0.021283 0.125 0.03285 0.036063 0.5
0.026938 0.021254 0.125 0.032832 0.036035 0.5
0.02692 0.021227 0.125 0.032814 0.036007 0.5
0.026903 0.021201 0.125 0.032796 0.035982 0.5
0.026885 0.021177 0.125 0.032779 0.035957 0.5
0.026868 0.021154 0.125 0.032762 0.035934 0.5
0.026852 0.021132 0.125 0.032745 0.035912 0.5
0.026835 0.021111 0.125 0.032729 0.035891 0.5
0.026819 0.021091 0.125 0.032713 0.035872 0.5
0.026803 0.021073 0.125 0.032697 0.035853 0.5
0.026788 0.021056 0.125 0.032682 0.035837 0.5
0.026773 0.021041 0.125 0.032667 0.035821 0.5
0.026758 0.021026 0.125 0.032652 0.035807 0.5
0.026744 0.021013 0.125 0.032637 0.035794 0.5
0.02673 0.021002 0.125 0.032623 0.035782 0.5
0.026716 0.020991 0.125 0.032609 0.035771 0.5
0.026702 0.020982 0.125 0.032596 0.035762 0.5
0.026689 0.020974 0.125 0.032583 0.035754 0.5
0.026676 0.020967 0.125 0.03257 0.035748 0.5
0.026664 0.020962 0.125 0.032557 0.035742 0.5
0.026652 0.020958 0.125 0.032545 0.035738 0.5
0.02664 0.020955 0.125 0.032533 0.035735 0.5
0.026628 0.020954 0.125 0.032522 0.035734 0.5
0.026617 0.020954 0.125 0.03251 0.035734 0.5
0.026606 0.020955 0.125 0.0325 0.035735 0.5
0.026595 0.020957 0.125 0.032489 0.035737 0.5
0.026585 0.020961 0.125 0.032479 0.035741 0.5
0.026575 0.020966 0.125 0.032469 0.035746 0.5
0.026565 0.020972 0.125 0.032459 0.035752 0.5
0.026556 0.020979 0.125 0.03245 0.035759 0.5
0.026547 0.020988 0.125 0.032441 0.035768 0.5
0.026587 0.021235 0.125 0.03248 0.035971 0.5
0.026575 0.021233 0.125 0.032469 0.035969 0.5
0.026564 0.02123 0.125 0.032457 0.035966 0.5
0.026552 0.021227 0.125 0.032446 0.035963 0.5
0.026541 0.021224 0.125 0.032434 0.03596 0.5
0.026529 0.021221 0.125 0.032422 0.035957 0.5
0.026517 0.021217 0.125 0.032411 0.035953 0.5
0.026505 0.021213 0.125 0.032399 0.03595 0.5
0.026493 0.021209 0.125 0.032387 0.035946 0.5
0.026481 0.021204 0.125 0.032375 0.035942 0.5
0.026469 0.0212 0.125 0.032362 0.035938 0.5
0.026456 0.021195 0.125 0.03235 0.035933 0.5
0.026444 0.02119 0.125 0.032338 0.035929 0.5
0.026431 0.021184 0.125 0.032325 0.035924 0.5
0.026419 0.021179 0.125 0.032312 0.035919 0.5
0.026406 0.021173 0.125 0.0323 0.035914 0.5
0.026393 0.021167 0.125 0.032287 0.035909 0.5
0.02638 0.021161 0.125 0.032274 0.035903 0.5
0.026367 0.021154 0.125 0.032261 0.035898 0.5
0.026354 0.021147 0.125 0.032248 0.035892 0.5
0.026341 0.02114 0.125 0.032234 0.035886 0.5
0.026328 0.021133 0.125 0.032221 0.035879 0.5
0.026314 0.021126 0.125 0.032208 0.035873 0.5
0.026301 0.021118 0.125 0.032194 0.035866 0.5
0.026287 0.02111 0.125 0.032181 0.035859 0.5
0.026273 0.021102 0.125 0.032167 0.035852 0.5
0.026259 0.021093 0.125 0.032153 0.035845 0.5
0.026246 0.021085 0.125 0.032139 0.035838 0.5
0.026232 0.021076 0.125 0.032125 0.03583 0.5
0.026217 0.021067 0.125 0.032111 0.035822 0.5
0.026203 0.021057 0.125 0.032097 0.035814 0.5
0.026189 0.021048 0.125 0.032082 0.035806 0.5
0.026174 0.021038 0.125 0.032068 0.035798 0.5
0.02616 0.021028 0.125 0.032054 0.035789 0.5
0.026145 0.021017 0.125 0.032039 0.035781 0.5
0.026131 0.021007 0.125 0.032024 0.035772 0.5
0.026116 0.020996 0.125 0.032009 0.035763 0.5
0.026101 0.020985 0.125 0.031994 0.035753 0.5
0.026086 0.020974 0.125 0.031979 0.035744 0.5
0.026071 0.020962 0.125 0.031964 0.035734 0.5
0.026056 0.02095 0.125 0.031949 0.035724 0.5
0.02604 0.020939 0.125 0.031934 0.035714 0.5
0.026025 0.020926 0.125 0.031918 0.035704 0.5
0.026009 0.020914 0.125 0.031903 0.035693 0.5
0.025994 0.020901 0.125 0.031887 0.035683 0.5
0.025978 0.020888 0.125 0.031872 0.035672 0.5
0.025962 0.020875 0.125 0.031856 0.035661 0.5
0.025946 0.020862 0.125 0.03184 0.03565 0.5
0.02593 0.020848 0.125 0.031824 0.035638 0.5
0.025914 0.020834 0.125 0.031808 0.035627 0.5
0.025898 0.020879 0.125 0.031781 0.035704 0.5
0.025883 0.02088 0.125 0.031766 0.035707 0.5
0.025867 0.02088 0.125 0.031751 0.035709 0.5
0.025852 0.020878 0.125 0.031735 0.03571 0.5
0.025837 0.020876 0.125 0.03172 0.03571 0.5
0.025821 0.020873 0.125 0.031705 0.035709 0.5
0.025806 0.020868 0.125 0.03169 0.035707 0.5
0.025791 0.020863 0.125 0.031674 0.035703 0.5
0.025776 0.020857 0.125 0.031659 0.035699 0.5
0.025761 0.02085 0.125 0.031644 0.035694 0.5
0.025745 0.020841 0.125 0.031629 0.035687 0.5
0.02573 0.020832 0.125 0.031614 0.03568 0.5
0.025715 0.020822 0.125 0.031599 0.035672 0.5
0.0257 0.02081 0.125 0.031585 0.035662 0.5
0.025685 0.020798 0.125 0.03157 0.035651 0.5
0.02567 0.020785 0.125 0.031555 0.03564 0.5
0.025656 0.020771 0.125 0.03154 0.035627 0.5
0.025641 0.020755 0.125 0.031526 0.035614 0.5
0.025626 0.020739 0.125 0.031511 0.035599 0.5
0.025611 0.020722 0.125 0.031496 0.035583 0.5
0.025596 0.020704 0.125 0.031482 0.035566 0.5
0.025581 0.020684 0.125 0.031467 0.035548 0.5
0.025567 0.020664 0.125 0.031453 0.03553 0.5
0.025552 0.020643 0.125 0.031438 0.03551 0.5
0.025537 0.020621 0.125 0.031424 0.035489 0.5
0.025523 0.020597 0.125 0.03141 0.035467 0.5
0.025508 0.020573 0.125 0.031395 0.035443 0.5
0.025494 0.020548 0.125 0.031381 0.035419 0.5
0.025479 0.020522 0.125 0.031367 0.035394 0.5
0.025465 0.020494 0.125 0.031353 0.035368 0.5
0.02545 0.020466 0.125 0.031338 0.035341 0.5
0.025436 0.020437 0.125 0.031324 0.035312 0.5
0.025421 0.020407 0.125 0.03131 0.035283 0.5
0.025407 0.020375 0.125 0.031296 0.035253 0.5
0.025393 0.020343 0.125 0.031282 0.035221 0.5
0.025379 0.02031 0.125 0.031269 0.035189 0.5
0.025364 0.020276 0.125 0.031255 0.035155 0.5
0.02535 0.020241 0.125 0.031241 0.035121 0.5
0.025336 0.020204 0.125 0.031227 0.035085 0.5
0.025322 0.020167 0.125 0.031213 0.035048 0.5
0.025308 0.020129 0.125 0.0312 0.035011 0.5
0.025294 0.02009 0.125 0.031186 0.034972 0.5
0.025279 0.02005 0.125 0.031172 0.034932 0.5
0.025265 0.020008 0.125 0.031159 0.034891 0.5
0.025251 0.019966 0.125 0.031145 0.034849 0.5
0.025238 0.019923 0.125 0.031132 0.034806 0.5
0.025224 0.019879 0.125 0.031119 0.034763 0.5
0.02521 0.019834 0.125 0.031105 0.034718 0.5
0.025196 0.019787 0.125 0.031092 0.034671 0.5
0.025182 0.01974 0.125 0.031079 0.034624 0.5
0.025117 0.019529 0.125 0.031034 0.034413 0.5
0.025096 0.019482 0.125 0.031014 0.034366 0.5
0.025076 0.019436 0.125 0.030995 0.03432 0.5
0.025057 0.019391 0.125 0.030975 0.034275 0.5
0.025038 0.019347 0.125 0.030957 0.03423 0.5
0.02502 0.019303 0.125 0.030939 0.034187 0.5
0.025002 0.019261 0.125 0.030921 0.034144 0.5
0.024985 0.01922 0.125 0.030904 0.034103 0.5
0.024968 0.019179 0.125 0.030888 0.034062 0.5
0.024952 0.01914 0.125 0.030872 0.034022 0.5
0.024936 0.019101 0.125 0.030856 0.033983 0.5
0.024921 0.019064 0.125 0.030841 0.033945 0.5
0.024907 0.019027 0.125 0.030827 0.033908 0.5
0.024893 0.018992 0.125 0.030813 0.033872 0.5
0.024879 0.018957 0.125 0.0308 0.033837 0.5
0.024866 0.018923 0.125 0.030787 0.033802 0.5
0.024854 0.018891 0.125 0.030774 0.033769 0.5
0.024842 0.018859 0.125 0.030763 0.033736 0.5
0.02483 0.018828 0.125 0.030751 0.033704 0.5
0.02482 0.018798 0.125 0.030741 0.033674 0.5
0.024809 0.018769 0.125 0.03073 0.033644 0.5
0.024799 0.018741 0.125 0.03072 0.033615 0.5
0.02479 0.018714 0.125 0.030711 0.033587 0.5
0.024781 0.018688 0.125 0.030703 0.033559 0.5
0.024773 0.018663 0.125 0.030694 0.033533 0.5
0.024765 0.018638 0.125 0.030687 0.033508 0.5
0.024758 0.018615 0.125 0.030679 0.033483 0.5
0.024752 0.018593 0.125 0.030673 0.03346 0.5
0.024746 0.018572 0.125 0.030667 0.033437 0.5
0.02474 0.018551 0.125 0.030661 0.033415 0.5
0.024735 0.018532 0.125 0.030656 0.033394 0.5
0.02473 0.018513 0.125 0.030651 0.033374 0.5
0.024726 0.018496 0.125 0.030647 0.033355 0.5
0.024723 0.018479 0.125 0.030644 0.033337 0.5
0.02472 0.018463 0.125 0.030641 0.03332 0.5
0.024718 0.018449 0.125 0.030638 0.033304 0.5
0.024716 0.018435 0.125 0.030636 0.033288 0.5
0.024714 0.018422 0.125 0.030635 0.033274 0.5
0.024713 0.01841 0.125 0.030634 0.03326 0.5
0.024713 0.018399 0.125 0.030633 0.033247 0.5
0.024713 0.018389 0.125 0.030633 0.033235 0.5
0.024714 0.01838 0.125 0.030634 0.033224 0.5
0.024715 0.018372 0.125 0.030635 0.033214 0.5
0.024717 0.018365 0.125 0.030637 0.033205 0.5
0.02472 0.018359 0.125 0.030639 0.033197 0.5
0.024723 0.018354 0.125 0.030641 0.03319 0.5
0.024726 0.018349 0.125 0.030645 0.033183 0.5
0.02473 0.018346 0.125 0.030648 0.033178 0.5
0.024734 0.018344 0.125 0.030653 0.033173 0.5
0.024739 0.018342 0.125 0.030657 0.033169 0.5
0.024428 0.018238 0.125 0.030418 0.033033 0.5
0.024384 0.018202 0.125 0.030383 0.032996 0.5
0.024343 0.018168 0.125 0.030352 0.032961 0.5
0.024306 0.018136 0.125 0.030323 0.032928 0.5
0.024273 0.018106 0.125 0.030296 0.032897 0.5
0.024243 0.018078 0.125 0.030273 0.032868 0.5
0.024217 0.018052 0.125 0.030252 0.032841 0.5
0.024195 0.018028 0.125 0.030235 0.032816 0.5
0.024176 0.018006 0.125 0.03022 0.032793 0.5
0.024161 0.017985 0.125 0.030208 0.032772 0.5
0.024149 0.017967 0.125 0.030198 0.032753 0.5
0.024141 0.017951 0.125 0.030192 0.032736 0.5
0.024136 0.017936 0.125 0.030188 0.032721 0.5
0.024136 0.017924 0.125 0.030187 0.032708 0.5
0.024138 0.017913 0.125 0.030189 0.032696 0.5
0.024145 0.017905 0.125 0.030194 0.032687 0.5
0.024155 0.017898 0.125 0.030202 0.03268 0.5
0.024168 0.017894 0.125 0.030212 0.032675 0.5
0.024186 0.017891 0.125 0.030226 0.032672 0.5
0.024206 0.01789 0.125 0.030242 0.032671 0.5
0.024231 0.017891 0.125 0.030261 0.032672 0.5
0.024259 0.017894 0.125 0.030282 0.032675 0.5
0.024291 0.017899 0.125 0.030307 0.03268 0.5
0.024326 0.017906 0.125 0.030334 0.032687 0.5
0.024365 0.017915 0.125 0.030364 0.032696 0.5
0.024407 0.017926 0.125 0.030397 0.032706 0.5
0.024454 0.017939 0.125 0.030433 0.032719 0.5
0.024503 0.017954 0.125 0.030472 0.032734 0.5
0.024557 0.017971 0.125 0.030513 0.032751 0.5
0.024614 0.017989 0.125 0.030558 0.03277 0.5
0.024674 0.01801 0.125 0.030605 0.032791 0.5
0.024739 0.018032 0.125 0.030655 0.032814 0.5
0.024806 0.018057 0.125 0.030707 0.032838 0.5
0.024878 0.018083 0.125 0.030763 0.032865 0.5
0.024953 0.018112 0.125 0.030821 0.032894 0.5
0.025032 0.018142 0.125 0.030883 0.032925 0.5
0.025114 0.018175 0.125 0.030947 0.032958 0.5
0.0252 0.018209 0.125 0.031014 0.032992 0.5
0.025289 0.018245 0.125 0.031083 0.033029 0.5
0.025382 0.018283 0.125 0.031156 0.033068 0.5
0.025479 0.018323 0.125 0.031231 0.033109 0.5
0.025579 0.018365 0.125 0.031309 0.033152 0.5
0.025683 0.018409 0.125 0.03139 0.033196 0.5
0.025791 0.018455 0.125 0.031474 0.033243 0.5
0.025902 0.018503 0.125 0.031561 0.033292 0.5
0.026017 0.018553 0.125 0.03165 0.033343 0.5
0.026135 0.018605 0.125 0.031742 0.033395 0.5
0.026257 0.018659 0.125 0.031837 0.03345 0.5
0.026383 0.018714 0.125 0.031935 0.033507 0.5
0.026512 0.018772 0.125 0.032036 0.033566 0.5
0.026352 0.018728 0.125 0.031571 0.032988 0.5
0.026365 0.018729 0.125 0.031542 0.032925 0.5
0.026385 0.018733 0.125 0.03152 0.03287 0.5
0.02641 0.018741 0.125 0.031507 0.032823 0.5
0.026442 0.018751 0.125 0.031502 0.032784 0.5
0.02648 0.018764 0.125 0.031505 0.032754 0.5
0.026525 0.018781 0.125 0.031517 0.032732 0.5
0.026576 0.0188 0.125 0.031537 0.032718 0.5
0.026634 0.018822 0.125 0.031565 0.032713 0.5
0.026698 0.018847 0.125 0.031602 0.032716 0.5
0.026768 0.018875 0.125 0.031646 0.032727 0.5
0.026844 0.018906 0.125 0.031699 0.032747 0.5
0.026927 0.01894 0.125 0.03176 0.032775 0.5
0.027017 0.018976 0.125 0.03183 0.032811 0.5
0.027112 0.019016 0.125 0.031908 0.032855 0.5
0.027215 0.019059 0.125 0.031994 0.032908 0.5
0.027323 0.019104 0.125 0.032088 0.032969 0.5
0.027438 0.019153 0.125 0.032191 0.033039 0.5
0.027559 0.019204 0.125 0.032302 0.033117 0.5
0.027687 0.019259 0.125 0.032421 0.033203 0.5
0.027821 0.019316 0.125 0.032548 0.033297 0.5
0.027961 0.019377 0.125 0.032684 0.0334 0.5
0.028108 0.01944 0.125 0.032828 0.033511 0.5
0.028261 0.019506 0.125 0.03298 0.03363 0.5
0.028421 0.019575 0.125 0.033141 0.033758 0.5
0.028587 0.019648 0.125 0.03331 0.033894 0.5
0.028759 0.019723 0.125 0.033487 0.034038 0.5
0.028938 0.019801 0.125 0.033672 0.03419 0.5
0.029123 0.019882 0.125 0.033866 0.034351 0.5
0.029314 0.019966 0.125 0.034068 0.03452 0.5
0.029512 0.020052 0.125 0.034278 0.034698 0.5
0.029716 0.020142 0.125 0.034496 0.034884 0.5
0.029927 0.020235 0.125 0.034723 0.035078 0.5
0.030144 0.020331 0.125 0.034958 0.03528 0.5
0.030367 0.020429 0.125 0.035201 0.035491 0.5
0.030597 0.020531 0.125 0.035453 0.03571 0.5
0.030833 0.020635 0.125 0.035713 0.035937 0.5
0.031075 0.020743 0.125 0.035981 0.036173 0.5
0.031324 0.020853 0.125 0.036257 0.036417 0.5
0.031579 0.020967 0.125 0.036542 0.036669 0.5
0.031841 0.021083 0.125 0.036835 0.03693 0.5
0.032109 0.021202 0.125 0.037136 0.037199 0.5
0.032383 0.021324 0.125 0.037445 0.037476 0.5
0.032664 0.021449 0.125 0.037763 0.037761 0.5
0.032951 0.021577 0.125 0.038089 0.038055 0.5
0.033244 0.021709 0.125 0.038423 0.038357 0.5
0.033544 0.021842 0.125 0.038766 0.038668 0.5
0.03385 0.021979 0.125 0.039117 0.038987 0.5
0.034163 0.022119 0.125 0.039476 0.039314 0.5
0.034482 0.022262 0.125 0.039843 0.039649 0.5
0.035034 0.021191 0.125 0.041269 0.041165 0.67
0.035232 0.021124 0.125 0.041568 0.041438 0.67
0.035434 0.021071 0.125 0.041864 0.041709 0.67
0.03564 0.021033 0.125 0.042159 0.041977 0.67
0.03585 0.02101 0.125 0.042453 0.042243 0.67
0.036064 0.021002 0.125 0.042744 0.042506 0.67
0.036283 0.021009 0.125 0.043033 0.042768 0.67
0.036506 0.02103 0.125 0.043321 0.043026 0.67
0.036734 0.021067 0.125 0.043607 0.043283 0.67
0.036965 0.021118 0.125 0.043891 0.043537 0.67
0.037201 0.021184 0.125 0.044173 0.043789 0.67
0.037442 0.021265 0.125 0.044453 0.044038 0.67
0.037686 0.02136 0.125 0.044731 0.044285 0.67
0.037935 0.021471 0.125 0.045008 0.044529 0.67
0.038188 0.021596 0.125 0.045282 0.044772 0.67
0.038445 0.021736 0.125 0.045555 0.045011 0.67
0.038707 0.021891 0.125 0.045826 0.045249 0.67
0.038973 0.02206 0.125 0.046095 0.045484 0.67
0.039243 0.022245 0.125 0.046363 0.045717 0.67
0.039518 0.022444 0.125 0.046628 0.045947 0.67
0.039797 0.022658 0.125 0.046891 0.046175 0.67
0.04008 0.022887 0.125 0.047153 0.0464 0.67
0.040367 0.023131 0.125 0.047413 0.046624 0.67
0.040659 0.023389 0.125 0.047671 0.046844 0.67
0.040955 0.023663 0.125 0.047927 0.047063 0.67
0.041255 0.023951 0.125 0.048181 0.047279 0.67
0.04156 0.024254 0.125 0.048434 0.047493 0.67
0.041868 0.024572 0.125 0.048685 0.047704 0.67
0.042182 0.024905 0.125 0.048933 0.047913 0.67
0.042499 0.025252 0.125 0.04918 0.048119 0.67
0.042821 0.025614 0.125 0.049425 0.048324 0.67
0.043147 0.025991 0.125 0.049668 0.048525 0.67
0.043477 0.026383 0.125 0.04991 0.048725 0.67
0.043811 0.02679 0.125 0.050149 0.048922 0.67
0.04415 0.027212 0.125 0.050387 0.049117 0.67
0.044493 0.027648 0.125 0.050623 0.049309 0.67
0.044841 0.028099 0.125 0.050857 0.049499 0.67
0.045192 0.028565 0.125 0.051089 0.049686 0.67
0.045548 0.029046 0.125 0.051319 0.049872 0.67
0.045909 0.029541 0.125 0.051547 0.050054 0.67
0.046273 0.030052 0.125 0.051774 0.050235 0.67
0.046642 0.030577 0.125 0.051998 0.050413 0.67
0.047015 0.031117 0.125 0.052221 0.050589 0.67
0.047392 0.031672 0.125 0.052442 0.050762 0.67
0.047774 0.032242 0.125 0.052661 0.050933 0.67
0.04816 0.032826 0.125 0.052879 0.051102 0.67
0.04855 0.033426 0.125 0.053094 0.051268 0.67
0.048945 0.03404 0.125 0.053308 0.051432 0.67
0.049344 0.034669 0.125 0.053519 0.051593 0.67
0.049747 0.035313 0.125 0.053729 0.051752 0.67
0.050946 0.038167 0.5 0.053906 0.052666 0.67
0.05134 0.038719 0.5 0.054154 0.052968 0.67
0.051732 0.039264 0.5 0.054399 0.053261 0.67
0.05212 0.039804 0.5 0.054644 0.053544 0.67
0.052505 0.040338 0.5 0.054886 0.053817 0.67
0.052887 0.040866 0.5 0.055128 0.05408 0.67
0.053266 0.041388 0.5 0.055368 0.054334 0.67
0.053641 0.041904 0.5 0.055607 0.054577 0.67
0.054013 0.042414 0.5 0.055844 0.054811 0.67
0.054382 0.042919 0.5 0.05608 0.055035 0.67
0.054747 0.043417 0.5 0.056314 0.055249 0.67
0.05511 0.04391 0.5 0.056547 0.055453 0.67
0.055469 0.044396 0.5 0.056778 0.055648 0.67
0.055825 0.044877 0.5 0.057008 0.055832 0.67
0.056178 0.045352 0.5 0.057237 0.056007 0.67
0.056527 0.045821 0.5 0.057464 0.056172 0.67
0.056874 0.046284 0.5 0.05769 0.056327 0.67
0.057217 0.046741 0.5 0.057915 0.056472 0.67
0.057556 0.047193 0.5 0.058138 0.056608 0.67
0.057893 0.047638 0.5 0.058359 0.056733 0.67
0.058226 0.048078 0.5 0.058579 0.056849 0.67
0.058556 0.048512 0.5 0.058798 0.056955 0.67
0.058883 0.048939 0.5 0.059015 0.057051 0.67
0.059207 0.049361 0.5 0.059231 0.057138 0.67
0.059527 0.049777 0.5 0.059446 0.057214 0.67
0.059845 0.050187 0.5 0.059659 0.057281 0.67
0.060159 0.050592 0.5 0.05987 0.057338 0.67
0.060469 0.05099 0.5 0.060081 0.057385 0.67
0.060777 0.051382 0.5 0.060289 0.057422 0.67
0.061081 0.051769 0.5 0.060497 0.057449 0.67
0.061382 0.05215 0.5 0.060703 0.057467 0.67
0.06168 0.052525 0.5 0.060907 0.057474 0.67
0.061975 0.052894 0.5 0.06111 0.057472 0.67
0.062266 0.053257 0.5 0.061312 0.05746 0.67
0.062554 0.053614 0.5 0.061512 0.057438 0.67
0.062839 0.053965 0.5 0.061711 0.057407 0.67
0.063121 0.05431 0.5 0.061909 0.057365 0.67
0.0634 0.05465 0.5 0.062105 0.057314 0.67
0.063675 0.054983 0.5 0.062299 0.057253 0.67
0.063947 0.055311 0.5 0.062492 0.057182 0.67
0.064216 0.055633 0.5 0.062684 0.057101 0.67
0.064481 0.055949 0.5 0.062874 0.05701 0.67
0.064744 0.056259 0.5 0.063063 0.05691 0.67
0.065003 0.056563 0.5 0.063251 0.056799 0.67
0.065259 0.056861 0.5 0.063437 0.056679 0.67
0.065511 0.057154 0.5 0.063621 0.056549 0.67
0.065761 0.05744 0.5 0.063804 0.05641 0.67
0.066007 0.057721 0.5 0.063986 0.05626 0.67
0.06625 0.057995 0.5 0.064167 0.056101 0.67
0.06649 0.058264 0.5 0.064346 0.055931 0.67
0.067267 0.059833 1.0 0.064854 0.055084 0.67
0.067643 0.060392 1.0 0.065103 0.05506 0.67
0.06801 0.060933 1.0 0.065348 0.055033 0.67
0.068369 0.061454 1.0 0.065589 0.055003 0.67
0.06872 0.061957 1.0 0.065825 0.05497 0.67
0.069062 0.062441 1.0 0.066056 0.054934 0.67
0.069396 0.062907 1.0 0.066283 0.054894 0.67
0.069722 0.063353 1.0 0.066505 0.054852 0.67
0.070039 0.063781 1.0 0.066723 0.054807 0.67
0.070348 0.064189 1.0 0.066935 0.054758 0.67
0.070649 0.064579 1.0 0.067144 0.054707 0.67
0.070941 0.064951 1.0 0.067348 0.054652 0.67
0.071225 0.065303 1.0 0.067547 0.054595 0.67
0.0715 0.065637 1.0 0.067741 0.054534 0.67
0.071767 0.065951 1.0 0.067931 0.054471 0.67
0.072026 0.066247 1.0 0.068117 0.054404 0.67
0.072276 0.066525 1.0 0.068297 0.054335 0.67
0.072518 0.066783 1.0 0.068474 0.054262 0.67
0.072751 0.067022 1.0 0.068645 0.054186 0.67
0.072977 0.067243 1.0 0.068812 0.054107 0.67
0.073193 0.067445 1.0 0.068975 0.054026 0.67
0.073402 0.067628 1.0 0.069133 0.053941 0.67
0.073602 0.067793 1.0 0.069286 0.053853 0.67
0.073794 0.067938 1.0 0.069434 0.053762 0.67
0.073977 0.068065 1.0 0.069578 0.053668 0.67
0.074152 0.068173 1.0 0.069718 0.053571 0.67
0.074318 0.068262 1.0 0.069853 0.053471 0.67
0.074477 0.068332 1.0 0.069983 0.053368 0.67
0.074626 0.068384 1.0 0.070109 0.053262 0.67
0.074768 0.068417 1.0 0.07023 0.053152 0.67
0.074901 0.068431 1.0 0.070346 0.05304 0.67
0.075026 0.068426 1.0 0.070458 0.052925 0.67
0.075142 0.068402 1.0 0.070565 0.052807 0.67
0.07525 0.068359 1.0 0.070668 0.052685 0.67
0.075349 0.068298 1.0 0.070766 0.052561 0.67
0.075441 0.068218 1.0 0.07086 0.052434 0.67
0.075524 0.068119 1.0 0.070949 0.052303 0.67
0.075598 0.068001 1.0 0.071033 0.05217 0.67
0.075664 0.067865 1.0 0.071113 0.052033 0.67
0.075722 0.06771 1.0 0.071188 0.051894 0.67
0.075771 0.067535 1.0 0.071258 0.051751 0.67
0.075812 0.067343 1.0 0.071324 0.051605 0.67
0.075845 0.067131 1.0 0.071386 0.051457 0.67
0.075869 0.0669 1.0 0.071442 0.051305 0.67
0.075885 0.066651 1.0 0.071495 0.05115 0.67
0.075892 0.066383 1.0 0.071542 0.050992 0.67
0.075891 0.066096 1.0 0.071585 0.050831 0.67
0.075882 0.06579 1.0 0.071623 0.050668 0.67
0.075865 0.065465 1.0 0.071657 0.050501 0.67
0.075839 0.065122 1.0 0.071686 0.050331 0.67
0.075247 0.062504 1.0 0.071663 0.049505 0.67
0.075349 0.062334 1.0 0.071792 0.049334 0.67
0.075448 0.062166 1.0 0.071916 0.049166 0.67
0.075544 0.062001 1.0 0.072037 0.049001 0.67
0.075638 0.061838 1.0 0.072153 0.048839 0.67
0.075728 0.061679 1.0 0.072266 0.04868 0.67
0.075815 0.061523 1.0 0.072374 0.048523 0.67
0.075899 0.061369 1.0 0.072478 0.04837 0.67
0.075981 0.061218 1.0 0.072579 0.048219 0.67
0.076059 0.06107 1.0 0.072675 0.048071 0.67
0.076134 0.060925 1.0 0.072767 0.047926 0.67
0.076206 0.060783 1.0 0.072855 0.047784 0.67
0.076275 0.060644 1.0 0.072938 0.047644 0.67
0.076341 0.060507 1.0 0.073018 0.047508 0.67
0.076404 0.060374 1.0 0.073094 0.047374 0.67
0.076464 0.060243 1.0 0.073165 0.047243 0.67
0.076521 0.060115 1.0 0.073233 0.047115 0.67
0.076575 0.05999 1.0 0.073296 0.04699 0.67
0.076626 0.059867 1.0 0.073355 0.046868 0.67
0.076674 0.059748 1.0 0.073411 0.046748 0.67
0.076719 0.059631 1.0 0.073462 0.046632 0.67
0.076761 0.059518 1.0 0.073509 0.046518 0.67
0.0768 0.059407 1.0 0.073552 0.046407 0.67
0.076836 0.059299 1.0 0.073591 0.046299 0.67
0.076869 0.059193 1.0 0.073625 0.046194 0.67
0.076899 0.059091 1.0 0.073656 0.046092 0.67
0.076926 0.058992 1.0 0.073683 0.045992 0.67
0.07695 0.058895 1.0 0.073705 0.045896 0.67
0.07697 0.058801 1.0 0.073724 0.045802 0.67
0.076988 0.05871 1.0 0.073738 0.045711 0.67
0.077003 0.058622 1.0 0.073748 0.045623 0.67
0.077015 0.058537 1.0 0.073754 0.045538 0.67
0.077024 0.058455 1.0 0.073756 0.045455 0.67
0.077029 0.058375 1.0 0.073754 0.045376 0.67
0.077032 0.058298 1.0 0.073748 0.045299 0.67
0.077032 0.058225 1.0 0.073738 0.045225 0.67
0.077028 0.058154 1.0 0.073724 0.045154 0.67
0.077022 0.058085 1.0 0.073706 0.045086 0.67
0.077013 0.05802 1.0 0.073683 0.045021 0.67
0.077 0.057958 1.0 0.073657 0.044958 0.67
0.076985 0.057898 1.0 0.073626 0.044899 0.67
0.076966 0.057841 1.0 0.073591 0.044842 0.67
0.076945 0.057787 1.0 0.073552 0.044788 0.67
0.076921 0.057736 1.0 0.07351 0.044737 0.67
0.076893 0.057688 1.0 0.073463 0.044689 0.67
0.076863 0.057643 1.0 0.073412 0.044643 0.67
0.076829 0.0576 1.0 0.073356 0.044601 0.67
0.076793 0.057561 1.0 0.073297 0.044561 0.67
0.076753 0.057524 1.0 0.073234 0.044524 0.67
0.07671 0.05749 1.0 0.073166 0.04449 0.67
0.077412 0.057637 1.0 0.073129 0.043554 0.67
0.077524 0.057558 1.0 0.073158 0.04335 0.67
0.077625 0.05748 1.0 0.073182 0.043157 0.67
0.077717 0.057403 1.0 0.073202 0.042976 0.67
0.077798 0.057328 1.0 0.073218 0.042806 0.67
0.077869 0.057253 1.0 0.073229 0.042648 0.67
0.077931 0.05718 1.0 0.073236 0.042501 0.67
0.077982 0.057108 1.0 0.073239 0.042366 0.67
0.078023 0.057037 1.0 0.073238 0.042242 0.67
0.078054 0.056967 1.0 0.073233 0.04213 0.67
0.078074 0.056898 1.0 0.073223 0.04203 0.67
0.078085 0.056831 1.0 0.073209 0.041941 0.67
0.078086 0.056764 1.0 0.073191 0.041863 0.67
0.078076 0.056699 1.0 0.073168 0.041798 0.67
0.078057 0.056635 1.0 0.073142 0.041743 0.67
0.078027 0.056572 1.0 0.073111 0.0417 0.67
0.077987 0.05651 1.0 0.073076 0.041669 0.67
0.077937 0.056449 1.0 0.073036 0.041649 0.67
0.077877 0.05639 1.0 0.072993 0.041641 0.67
0.077807 0.056331 1.0 0.072945 0.041645 0.67
0.077727 0.056274 1.0 0.072893 0.041659 0.67
0.077637 0.056218 1.0 0.072836 0.041686 0.67
0.077536 0.056163 1.0 0.072776 0.041724 0.67
0.077426 0.056109 1.0 0.072711 0.041773 0.67
0.077305 0.056056 1.0 0.072642 0.041834 0.67
0.077174 0.056005 1.0 0.072568 0.041907 0.67
0.077034 0.055954 1.0 0.072491 0.041991 0.67
0.076883 0.055905 1.0 0.072409 0.042087 0.67
0.076722 0.055856 1.0 0.072323 0.042194 0.67
0.07655 0.055809 1.0 0.072232 0.042313 0.67
0.076369 0.055764 1.0 0.072138 0.042443 0.67
0.076178 0.055719 1.0 0.072039 0.042585 0.67
0.075976 0.055675 1.0 0.071936 0.042738 0.67
0.075765 0.055633 1.0 0.071829 0.042903 0.67
0.075543 0.055591 1.0 0.071717 0.043079 0.67
0.075312 0.055551 1.0 0.071602 0.043267 0.67
0.07507 0.055512 1.0 0.071482 0.043467 0.67
0.074818 0.055474 1.0 0.071357 0.043678 0.67
0.074556 0.055437 1.0 0.071229 0.043901 0.67
0.074284 0.055402 1.0 0.071096 0.044135 0.67
0.074001 0.055367 1.0 0.070959 0.04438 0.67
0.073709 0.055334 1.0 0.070818 0.044638 0.67
0.073407 0.055301 1.0 0.070673 0.044906 0.67
0.073094 0.05527 1.0 0.070523 0.045187 0.67
0.072771 0.05524 1.0 0.070369 0.045478 0.67
0.072439 0.055211 1.0 0.070211 0.045782 0.67
0.072096 0.055184 1.0 0.070048 0.046097 0.67
0.071743 0.055157 1.0 0.069882 0.046423 0.67
0.07138 0.055132 1.0 0.069711 0.046761 0.67
0.071006 0.055108 1.0 0.069536 0.047111 0.67
0.069745 0.055396 1.0 0.069525 0.04995 1.0
0.069503 0.055374 1.0 0.069468 0.050313 1.0
0.069259 0.055351 1.0 0.069405 0.050665 1.0
0.069013 0.055326 1.0 0.069336 0.051005 1.0
0.068766 0.0553 1.0 0.069262 0.051333 1.0
0.068517 0.055273 1.0 0.069181 0.05165 1.0
0.068267 0.055245 1.0 0.069094 0.051955 1.0
0.068015 0.055215 1.0 0.069001 0.052248 1.0
0.067761 0.055184 1.0 0.068903 0.05253 1.0
0.067506 0.055152 1.0 0.068798 0.0528 1.0
0.067249 0.055118 1.0 0.068688 0.053058 1.0
0.06699 0.055083 1.0 0.068571 0.053305 1.0
0.06673 0.055047 1.0 0.068449 0.053539 1.0
0.066468 0.05501 1.0 0.068321 0.053763 1.0
0.066204 0.054971 1.0 0.068186 0.053974 1.0
0.065939 0.054931 1.0 0.068046 0.054174 1.0
0.065672 0.05489 1.0 0.0679 0.054362 1.0
0.065404 0.054848 1.0 0.067748 0.054539 1.0
0.065134 0.054804 1.0 0.06759 0.054703 1.0
0.064862 0.054759 1.0 0.067426 0.054856 1.0
0.064589 0.054712 1.0 0.067256 0.054998 1.0
0.064314 0.054665 1.0 0.06708 0.055128 1.0
0.064037 0.054616 1.0 0.066898 0.055246 1.0
0.063759 0.054565 1.0 0.06671 0.055352 1.0
0.063479 0.054514 1.0 0.066516 0.055447 1.0
0.063198 0.054461 1.0 0.066317 0.05553 1.0
0.062915 0.054407 1.0 0.066111 0.055601 1.0
0.06263 0.054352 1.0 0.065899 0.055661 1.0
0.062344 0.054295 1.0 0.065682 0.055709 1.0
0.062056 0.054237 1.0 0.065458 0.055745 1.0
0.061766 0.054178 1.0 0.065229 0.055769 1.0
0.061475 0.054118 1.0 0.064993 0.055782 1.0
0.061182 0.054056 1.0 0.064752 0.055784 1.0
0.060887 0.053993 1.0 0.064505 0.055773 1.0
0.060591 0.053928 1.0 0.064251 0.055751 1.0
0.060293 0.053863 1.0 0.063992 0.055717 1.0
0.059994 0.053796 1.0 0.063727 0.055672 1.0
0.059693 0.053728 1.0 0.063456 0.055615 1.0
0.05939 0.053658 1.0 0.063179 0.055546 1.0
0.059086 0.053588 1.0 0.062896 0.055465 1.0
0.05878 0.053516 1.0 0.062607 0.055373 1.0
0.058472 0.053442 1.0 0.062312 0.055269 1.0
0.058163 0.053368 1.0 0.062011 0.055153 1.0
0.057852 0.053292 1.0 0.061704 0.055026 1.0
0.05754 0.053215 1.0 0.061392 0.054887 1.0
0.057226 0.053136 1.0 0.061073 0.054737 1.0
0.05691 0.053057 1.0 0.060748 0.054574 1.0
0.056593 0.052976 1.0 0.060418 0.0544 1.0
0.056274 0.052893 1.0 0.060081 0.054215 1.0
0.055953 0.05281 1.0 0.059739 0.054017 1.0
0.055066 0.052488 1.0 0.058836 0.052488 1.0
0.054718 0.052411 1.0 0.058564 0.052411 1.0
0.054374 0.052334 1.0 0.058291 0.052334 1.0
0.054033 0.052259 1.0 0.058018 0.052259 1.0
0.053697 0.052184 1.0 0.057744 0.052184 1.0
0.053364 0.052109 1.0 0.05747 0.052109 1.0
0.053035 0.052036 1.0 0.057196 0.052036 1.0
0.052709 0.051962 1.0 0.056921 0.051962 1.0
0.052387 0.05189 1.0 0.056646 0.05189 1.0
0.05207 0.051818 1.0 0.056371 0.051818 1.0
0.051756 0.051747 1.0 0.056095 0.051747 1.0
0.051445 0.051676 1.0 0.055818 0.051676 1.0
0.051139 0.051606 1.0 0.055542 0.051606 1.0
0.050836 0.051537 1.0 0.055264 0.051537 1.0
0.050537 0.051468 1.0 0.054987 0.051468 1.0
0.050242 0.051399 1.0 0.054709 0.051399 1.0
0.049951 0.051332 1.0 0.05443 0.051332 1.0
0.049663 0.051265 1.0 0.054152 0.051265 1.0
0.04938 0.051199 1.0 0.053872 0.051199 1.0
0.0491 0.051133 1.0 0.053593 0.051133 1.0
0.048824 0.051068 1.0 0.053313 0.051068 1.0
0.048551 0.051003 1.0 0.053032 0.051003 1.0
0.048283 0.050939 1.0 0.052751 0.050939 1.0
0.048018 0.050876 1.0 0.05247 0.050876 1.0
0.047757 0.050813 1.0 0.052188 0.050813 1.0
0.0475 0.050751 1.0 0.051906 0.050751 1.0
0.047246 0.05069 1.0 0.051624 0.05069 1.0
0.046997 0.050629 1.0 0.051341 0.050629 1.0
0.046751 0.050569 1.0 0.051058 0.050569 1.0
0.046509 0.050509 1.0 0.050774 0.050509 1.0
0.046271 0.05045 1.0 0.05049 0.05045 1.0
0.046036 0.050392 1.0 0.050205 0.050392 1.0
0.045806 0.050334 1.0 0.04992 0.050334 1.0
0.045579 0.050277 1.0 0.049635 0.050277 1.0
0.045356 0.050221 1.0 0.049349 0.050221 1.0
0.045136 0.050165 1.0 0.049063 0.050165 1.0
0.044921 0.05011 1.0 0.048776 0.05011 1.0
0.044709 0.050055 1.0 0.048489 0.050055 1.0
0.044501 0.050001 1.0 0.048202 0.050001 1.0
0.044297 0.049948 1.0 0.047914 0.049948 1.0
0.044097 0.049895 1.0 0.047626 0.049895 1.0
0.0439 0.049843 1.0 0.047338 0.049843 1.0
0.043707 0.049791 1.0 0.047049 0.049791 1.0
0.043518 0.04974 1.0 0.046759 0.04974 1.0
0.043333 0.04969 1.0 0.046469 0.04969 1.0
0.043152 0.04964 1.0 0.046179 0.04964 1.0
0.042974 0.049591 1.0 0.045888 0.049591 1.0
0.0428 0.049543 1.0 0.045597 0.049543 1.0
0.04263 0.049495 1.0 0.045306 0.049495 1.0
0.042464 0.049448 1.0 0.045014 0.049448 1.0
0.04245 0.049505 1.0 0.044102 0.049505 1.0
0.042213 0.049451 1.0 0.043748 0.049451 1.0
0.041979 0.049398 1.0 0.0434 0.049398 1.0
0.041747 0.049345 1.0 0.043057 0.049345 1.0
0.041518 0.049291 1.0 0.04272 0.049291 1.0
0.041291 0.049238 1.0 0.042388 0.049238 1.0
0.041066 0.049184 1.0 0.042062 0.049184 1.0
0.040844 0.049131 1.0 0.041741 0.049131 1.0
0.040624 0.049077 1.0 0.041426 0.049077 1.0
0.040407 0.049024 1.0 0.041117 0.049024 1.0
0.040191 0.048971 1.0 0.040813 0.048971 1.0
0.039979 0.048917 1.0 0.040514 0.048917 1.0
0.039768 0.048864 1.0 0.040221 0.048864 1.0
0.03956 0.04881 1.0 0.039934 0.04881 1.0
0.039354 0.048757 1.0 0.039652 0.048757 1.0
0.039151 0.048703 1.0 0.039376 0.048703 1.0
0.03895 0.04865 1.0 0.039105 0.04865 1.0
0.038752 0.048597 1.0 0.03884 0.048597 1.0
0.038555 0.048543 1.0 0.03858 0.048543 1.0
0.038361 0.04849 1.0 0.038326 0.04849 1.0
0.03817 0.048436 1.0 0.038077 0.048436 1.0
0.037981 0.048383 1.0 0.037834 0.048383 1.0
0.037794 0.048329 1.0 0.037597 0.048329 1.0
0.03761 0.048276 1.0 0.037365 0.048276 1.0
0.037428 0.048223 1.0 0.037138 0.048223 1.0
0.037248 0.048169 1.0 0.036918 0.048169 1.0
0.037071 0.048116 1.0 0.036702 0.048116 1.0
0.036896 0.048062 1.0 0.036492 0.048062 1.0
0.036723 0.048009 1.0 0.036288 0.048009 1.0
0.036553 0.047956 1.0 0.036089 0.047956 1.0
0.036385 0.047902 1.0 0.035896 0.047902 1.0
0.03622 0.047849 1.0 0.035709 0.047849 1.0
0.036057 0.047795 1.0 0.035526 0.047795 1.0
0.035896 0.047742 1.0 0.03535 0.047742 1.0
0.035738 0.047688 1.0 0.035179 0.047688 1.0
0.035582 0.047635 1.0 0.035013 0.047635 1.0
0.035428 0.047582 1.0 0.034853 0.047582 1.0
0.035277 0.047528 1.0 0.034699 0.047528 1.0
0.035128 0.047475 1.0 0.03455 0.047475 1.0
0.034982 0.047421 1.0 0.034407 0.047421 1.0
0.034838 0.047368 1.0 0.034269 0.047368 1.0
0.034696 0.047314 1.0 0.034137 0.047314 1.0
0.034556 0.047261 1.0 0.03401 0.047261 1.0
0.034419 0.047208 1.0 0.033889 0.047208 1.0
0.034285 0.047154 1.0 0.033773 0.047154 1.0
0.034153 0.047101 1.0 0.033663 0.047101 1.0
0.034023 0.047047 1.0 0.033559 0.047047 1.0
0.033895 0.046994 1.0 0.03346 0.046994 1.0
0.03377 0.046941 1.0 0.033366 0.046941 1.0
0.033647 0.046887 1.0 0.033279 0.046887 1.0
