24
1,1-EER=13.3; SHR=.77; TXV; 0.35 W/cfm(Residential)             ,4,13.3,0.77,99, 0.35,  1,2,0,0,0,0,0,0,0,0
2,2-EER=10; SHR=.77; Orifice; 0.35 W/cfm                        ,4,  10,0.77,99, 0.35,  1,1,0,0,0,0,0,0,0,0
3,3-EER=10; SHR=.77; Orifice; 0.35 W/cfm; 80% charge            ,4,  10,0.77,99, 0.35,0.8,1,0,0,0,0,0,0,0,0
4,4-Cinemark RTU Units (meas fan = 0.375 W/cfm)                 ,4,  10,0.77,99,0.375,  1,2,0,0,0,0,0,0,0,0
5,5-EER=10; SHR=.77; TXV; 0.5 W/cfm (Commercial RTU)            ,4,  10,0.77,99,  0.5,  1,2,0,0,0,0,0,0,0,0
6,6-EER=10; SHR=.6; TXV; 0.5 W/cfm (Commercial RTU)             ,4,  10, 0.6,99,  0.5,  1,2,0,0,0,0,0,0,0,0
7,7-EER=13.3;SHR=.77;TXV;0.4 W/cfm;(HP row-2;area-3 ft2;ihp-1)  ,4,13.3,0.77,99, 0.40,  1,2,2,3,1,0,0,0,0,0
8,8-EER=13.3;SHR=.77;TXV;0.45 W/cfm;(HP row-2;area=tons;ihp-1)  ,4,13.3,0.77,99, 0.45,  1,2,2,-1,1,0,0,0,0,0
9,9-EER=13.3;SHR=.77;TXV;0.45 W/cfm;(GRI-CDQ ;area=tons;4-inch) ,4,13.3,0.77,99, 0.45,  1,2,4,-1,-1,0,0,0,0,0
10,10-EER=13.3;SHR=.77;TXV;0.4 W/cfm;(GRI-CDQ ;area=tons;2-inch),4,13.3,0.77,99, 0.40,  1,2,2,-1,-1,0,0,0,0,0
11,11-EER=13.3;SHR=.77;TXV;0.4 W/cfm;(Kosar-CDQ ;area=tons)     ,4,13.3,0.77,99, 0.40,  1,2,0,-1,-2,0,0,0,0,0
12,12-EER=14.9; SHR=.77; TXV; 0.365 W/cfm (Residential-RICE)    ,4,14.9,0.77,99, 0.365, 1,2,0,0,0,0,0,0,0,0
13,13-EER=14.9; SHR=.77; TXV; 0.183 W/cfm (Residential-RICE)    ,4,14.9,0.77,99, 0.183, 1,2,0,0,0,0,0,0,0,0
14,14-EER=15.7; SHR=.77; TXV; 0.183 W/cfm (Residential-RICE)    ,4,15.7,0.77,99, 0.183, 1,2,0,0,0,0,0,0,0,0
15,15-EER=16.1; SHR=.77; 0.350 W/cfm (14 SEER Robust)           ,4,16.1,0.77,99, 0.350, 1,2,0,0,0,0,0,0,0,0
16,16-SEER=10;  SHR=.77; TXV; 0.50 W/cfm (RP-1449)              ,4,10.35,0.77,99, 0.50, 1,2,0,0,0,0,0,0,0,0
17,17-SEER=13;  SHR=.77; TXV; 0.50 W/cfm (RP-1449)              ,4,13.80,0.77,99, 0.50, 1,2,0,0,0,0,0,0,0,0
18,18-SEER=14.5;SHR=.77; TXV; 0.35 W/cfm (RP-1449)              ,4,14.85,0.77,99, 0.35, 1,2,0,0,0,0,0,0,0,0
19,19-SEER=17.7;SHR=.77; TXV; 0.35 W/cfm (RP-1449) 2-spd        ,4,14.85,0.77,99, 0.35, 1,2,0,0,0,18.56,0.77,0.5,0.1,0.5
20,20-SEER=???;SHR=.77; TXV; 0.1 W/cfm (RP-1449) Variable Spd   ,3,14.85,0.77,99, 0.10, 1,2,0,0,0,20.56,0.77,0.33,0.07,0.3
21,21-SEER=10;  SHR=.77; TXV; 0.55 W/cfm;(HP row-2;area=tons)    ,4,10.35,0.77,99, 0.55, 1,2,2,-1,1,0,0,0,0,0
22,22-SEER=13;  SHR=.77; TXV; 0.55 W/cfm;(HP row-2;area=tons)    ,4,13.80,0.77,99, 0.55, 1,2,2,-1,1,0,0,0,0,0
23,23-SEER=14.5;SHR=.77; TXV; 0.40 W/cfm;(HP row-2;area=tons)    ,4,14.85,0.77,99, 0.55, 1,2,2,-1,1,0,0,0,0,0
24,24-SEER=17.7;SHR=.77; TXV; 0.40 W/cfm (HP row-2;area=tons)    ,4,14.85,0.77,99, 0.40, 1,2,2,-1,0,18.56,0.77,0.5,0.25,0.5
